   0.10965     3.66e-05
   0.11482     1.19e-04
   0.12023     3.69e-04
   0.12589     1.86e-03
   0.13183     5.86e-03
   0.13804     1.32e-02
   0.14454     2.73e-02
   0.15136     7.04e-02
   0.15849     2.08e-01
   0.16596     2.50e+00
   0.17378     7.88e+00
   0.18197     1.37e+01
   0.19055     1.91e+01
   0.19953     2.75e+01
   0.20893     3.52e+01
   0.21878     4.00e+01
   0.22909     3.68e+01
   0.23988     3.71e+01
   0.25119     3.95e+01
   0.26303     5.28e+01
   0.27542     6.73e+01
   0.28840     8.10e+01
   0.30200     1.15e+02
   0.31623     1.29e+02
   0.33113     1.38e+02
   0.34674     1.49e+02
   0.36308     1.62e+02
   0.38019     2.00e+02
   0.39811     2.67e+02
   0.41687     3.14e+02
   0.43652     3.37e+02
   0.45709     3.52e+02
   0.47863     3.40e+02
   0.50119     3.28e+02
   0.52481     3.20e+02
   0.54954     3.09e+02
   0.57544     2.98e+02
   0.60256     2.83e+02
   0.63096     2.64e+02
   0.66069     2.49e+02
   0.69183     2.39e+02
   0.72444     2.24e+02
   0.75858     2.09e+02
   0.79433     1.95e+02
   0.83176     1.81e+02
   0.87096     1.68e+02
   0.91201     1.59e+02
   0.95499     1.50e+02
   1.00000     1.43e+02
   1.04713     1.30e+02
   1.09648     1.21e+02
   1.14815     1.12e+02
   1.20226     1.04e+02
   1.25893     9.50e+01
   1.31826     8.69e+01
   1.38038     7.98e+01
   1.44544     7.23e+01
   1.51356     6.53e+01
   1.58489     5.94e+01
   1.65959     5.28e+01
   1.73780     4.69e+01
   1.81970     4.16e+01
   1.90546     3.70e+01
   1.99526     3.31e+01
   2.08930     2.94e+01
   2.18776     2.61e+01
   2.29087     2.33e+01
   2.39883     2.07e+01
   2.51189     1.81e+01
   2.63027     1.60e+01
   2.75423     1.42e+01
   2.88403     1.26e+01
   3.01995     1.11e+01
   3.16228     9.90e+00
   3.31131     8.75e+00
   3.46737     7.53e+00
   3.63078     6.65e+00
   3.80189     5.78e+00
   3.98107     5.11e+00
   4.16869     4.47e+00
   4.36516     3.93e+00
   4.57088     3.44e+00
   4.78630     2.99e+00
   5.01187     2.65e+00
   5.24807     2.30e+00
   5.49541     2.02e+00
   5.75440     1.76e+00
   6.02560     1.54e+00
   6.30957     1.38e+00
   6.60693     1.20e+00
   6.91831     1.03e+00
   7.24436     8.96e-01
   7.58578     7.84e-01
   7.94328     6.86e-01
   8.31764     5.98e-01
   8.70964     5.24e-01
   9.12011     4.57e-01
   9.54993     4.00e-01


