   0.10965     6.19e+03
   0.11482     5.56e+03
   0.12023     4.99e+03
   0.12589     5.16e+03
   0.13183     5.30e+03
   0.13804     4.56e+03
   0.14454     3.98e+03
   0.15136     3.48e+03
   0.15849     3.13e+03
   0.16596     3.26e+03
   0.17378     3.16e+03
   0.18197     2.84e+03
   0.19055     2.55e+03
   0.19953     2.41e+03
   0.20893     2.33e+03
   0.21878     2.22e+03
   0.22909     2.04e+03
   0.23988     1.84e+03
   0.25119     1.67e+03
   0.26303     1.54e+03
   0.27542     1.38e+03
   0.28840     1.27e+03
   0.30200     1.14e+03
   0.31623     1.02e+03
   0.33113     9.19e+02
   0.34674     8.18e+02
   0.36308     7.43e+02
   0.38019     7.07e+02
   0.39811     6.84e+02
   0.41687     6.23e+02
   0.43652     5.60e+02
   0.45709     5.03e+02
   0.47863     4.41e+02
   0.50119     3.95e+02
   0.52481     3.51e+02
   0.54954     3.12e+02
   0.57544     2.75e+02
   0.60256     2.43e+02
   0.63096     2.14e+02
   0.66069     1.89e+02
   0.69183     1.67e+02
   0.72444     1.47e+02
   0.75858     1.30e+02
   0.79433     1.14e+02
   0.83176     1.00e+02
   0.87096     8.83e+01
   0.91201     7.92e+01
   0.95499     7.01e+01
   1.00000     6.36e+01
   1.04713     5.42e+01
   1.09648     4.77e+01
   1.14815     4.21e+01
   1.20226     3.67e+01
   1.25893     3.22e+01
   1.31826     2.81e+01
   1.38038     2.47e+01
   1.44544     2.17e+01
   1.51356     1.90e+01
   1.58489     1.69e+01
   1.65959     1.46e+01
   1.73780     1.27e+01
   1.81970     1.11e+01
   1.90546     9.71e+00
   1.99526     8.50e+00
   2.08930     7.42e+00
   2.18776     6.52e+00
   2.29087     5.70e+00
   2.39883     5.00e+00
   2.51189     4.33e+00
   2.63027     3.80e+00
   2.75423     3.32e+00
   2.88403     2.90e+00
   3.01995     2.53e+00
   3.16228     2.24e+00
   3.31131     1.96e+00
   3.46737     1.67e+00
   3.63078     1.47e+00
   3.80189     1.27e+00
   3.98107     1.11e+00
   4.16869     9.69e-01
   4.36516     8.44e-01
   4.57088     7.37e-01
   4.78630     6.37e-01
   5.01187     5.62e-01
   5.24807     4.85e-01
   5.49541     4.25e-01
   5.75440     3.70e-01
   6.02560     3.22e-01
   6.30957     2.87e-01
   6.60693     2.49e-01
   6.91831     2.13e-01
   7.24436     1.84e-01
   7.58578     1.61e-01
   7.94328     1.40e-01
   8.31764     1.22e-01
   8.70964     1.06e-01
   9.12011     9.23e-02
   9.54993     8.06e-02


