   0.10965     2.58e-23
   0.11482     2.75e-22
   0.12023     1.28e-19
   0.12589     8.78e-19
   0.13183     3.01e-18
   0.13804     3.53e-16
   0.14454     3.34e-15
   0.15136     5.85e-15
   0.15849     1.22e-14
   0.16596     1.40e-13
   0.17378     1.09e-12
   0.18197     4.94e-12
   0.19055     3.77e-11
   0.19953     2.34e-10
   0.20893     3.37e-09
   0.21878     1.64e-08
   0.22909     1.35e-07
   0.23988     1.70e-06
   0.25119     1.38e-05
   0.26303     5.82e-05
   0.27542     1.33e-04
   0.28840     4.53e-04
   0.30200     1.80e-03
   0.31623     1.30e-02
   0.33113     2.99e-02
   0.34674     3.83e-02
   0.36308     5.89e-02
   0.38019     7.83e-02
   0.39811     1.80e-01
   0.41687     2.31e-01
   0.43652     3.07e-01
   0.45709     4.08e-01
   0.47863     4.22e-01
   0.50119     4.93e-01
   0.52481     8.30e-01
   0.54954     1.16e+00
   0.57544     1.24e+00
   0.60256     1.43e+00
   0.63096     2.33e+00
   0.66069     2.53e+00
   0.69183     2.58e+00
   0.72444     5.24e+00
   0.75858     7.00e+00
   0.79433     9.74e+00
   0.83176     1.19e+01
   0.87096     1.36e+01
   0.91201     1.62e+01
   0.95499     1.79e+01
   1.00000     1.89e+01
   1.04713     2.01e+01
   1.09648     2.06e+01
   1.14815     2.04e+01
   1.20226     2.02e+01
   1.25893     2.01e+01
   1.31826     1.80e+01
   1.38038     1.57e+01
   1.44544     1.54e+01
   1.51356     1.62e+01
   1.58489     1.77e+01
   1.65959     1.75e+01
   1.73780     1.41e+01
   1.81970     1.09e+01
   1.90546     9.99e+00
   1.99526     1.05e+01
   2.08930     1.08e+01
   2.18776     1.07e+01
   2.29087     1.02e+01
   2.39883     8.23e+00
   2.51189     6.03e+00
   2.63027     5.22e+00
   2.75423     4.98e+00
   2.88403     4.64e+00
   3.01995     4.26e+00
   3.16228     4.13e+00
   3.31131     4.04e+00
   3.46737     3.79e+00
   3.63078     3.57e+00
   3.80189     3.22e+00
   3.98107     2.89e+00
   4.16869     2.50e+00
   4.36516     2.02e+00
   4.57088     1.70e+00
   4.78630     1.54e+00
   5.01187     1.44e+00
   5.24807     1.20e+00
   5.49541     9.66e-01
   5.75440     8.36e-01
   6.02560     7.45e-01
   6.30957     6.74e-01
   6.60693     5.97e-01
   6.91831     5.23e-01
   7.24436     4.61e-01
   7.58578     4.09e-01
   7.94328     3.61e-01
   8.31764     3.19e-01
   8.70964     2.83e-01
   9.12011     2.49e-01
   9.54993     2.21e-01


