   0.10965     3.41e-07
   0.11482     1.35e-06
   0.12023     3.96e-06
   0.12589     1.27e-05
   0.13183     3.15e-05
   0.13804     7.42e-05
   0.14454     1.89e-04
   0.15136     7.78e-04
   0.15849     3.30e-03
   0.16596     1.71e-02
   0.17378     7.14e-02
   0.18197     2.00e-01
   0.19055     4.49e-01
   0.19953     1.41e+00
   0.20893     4.52e+00
   0.21878     7.84e+00
   0.22909     7.72e+00
   0.23988     8.45e+00
   0.25119     1.03e+01
   0.26303     2.12e+01
   0.27542     3.01e+01
   0.28840     4.30e+01
   0.30200     7.63e+01
   0.31623     9.35e+01
   0.33113     1.04e+02
   0.34674     1.19e+02
   0.36308     1.37e+02
   0.38019     1.45e+02
   0.39811     1.88e+02
   0.41687     2.31e+02
   0.43652     2.55e+02
   0.45709     2.89e+02
   0.47863     3.00e+02
   0.50119     2.98e+02
   0.52481     3.01e+02
   0.54954     3.09e+02
   0.57544     3.13e+02
   0.60256     3.11e+02
   0.63096     3.01e+02
   0.66069     2.95e+02
   0.69183     2.89e+02
   0.72444     2.78e+02
   0.75858     2.68e+02
   0.79433     2.58e+02
   0.83176     2.45e+02
   0.87096     2.33e+02
   0.91201     2.24e+02
   0.95499     2.15e+02
   1.00000     2.07e+02
   1.04713     1.93e+02
   1.09648     1.83e+02
   1.14815     1.73e+02
   1.20226     1.64e+02
   1.25893     1.55e+02
   1.31826     1.45e+02
   1.38038     1.37e+02
   1.44544     1.28e+02
   1.51356     1.19e+02
   1.58489     1.11e+02
   1.65959     1.01e+02
   1.73780     9.01e+01
   1.81970     8.00e+01
   1.90546     7.12e+01
   1.99526     6.37e+01
   2.08930     5.68e+01
   2.18776     5.07e+01
   2.29087     4.50e+01
   2.39883     3.99e+01
   2.51189     3.52e+01
   2.63027     3.14e+01
   2.75423     2.79e+01
   2.88403     2.47e+01
   3.01995     2.18e+01
   3.16228     1.95e+01
   3.31131     1.72e+01
   3.46737     1.47e+01
   3.63078     1.30e+01
   3.80189     1.13e+01
   3.98107     9.98e+00
   4.16869     8.70e+00
   4.36516     7.48e+00
   4.57088     6.47e+00
   4.78630     5.64e+00
   5.01187     5.01e+00
   5.24807     4.36e+00
   5.49541     3.85e+00
   5.75440     3.38e+00
   6.02560     2.96e+00
   6.30957     2.65e+00
   6.60693     2.31e+00
   6.91831     1.99e+00
   7.24436     1.72e+00
   7.58578     1.51e+00
   7.94328     1.31e+00
   8.31764     1.15e+00
   8.70964     1.00e+00
   9.12011     8.74e-01
   9.54993     7.65e-01
