   0.10965     9.05e-11
   0.11482     4.15e-10
   0.12023     1.76e-09
   0.12589     6.96e-09
   0.13183     2.45e-08
   0.13804     9.17e-08
   0.14454     3.21e-07
   0.15136     2.50e-06
   0.15849     1.70e-05
   0.16596     1.22e-04
   0.17378     5.89e-04
   0.18197     2.02e-03
   0.19055     5.64e-03
   0.19953     1.56e-02
   0.20893     4.16e-02
   0.21878     8.96e-02
   0.22909     1.66e-01
   0.23988     3.02e-01
   0.25119     7.08e-01
   0.26303     2.56e+00
   0.27542     3.72e+00
   0.28840     6.99e+00
   0.30200     1.78e+01
   0.31623     3.21e+01
   0.33113     3.91e+01
   0.34674     4.52e+01
   0.36308     5.76e+01
   0.38019     5.91e+01
   0.39811     9.52e+01
   0.41687     1.37e+02
   0.43652     1.74e+02
   0.45709     2.30e+02
   0.47863     2.59e+02
   0.50119     2.55e+02
   0.52481     2.72e+02
   0.54954     3.08e+02
   0.57544     3.30e+02
   0.60256     3.37e+02
   0.63096     3.36e+02
   0.66069     3.38e+02
   0.69183     3.37e+02
   0.72444     3.31e+02
   0.75858     3.28e+02
   0.79433     3.23e+02
   0.83176     3.14e+02
   0.87096     3.07e+02
   0.91201     3.03e+02
   0.95499     2.97e+02
   1.00000     2.91e+02
   1.04713     2.79e+02
   1.09648     2.69e+02
   1.14815     2.60e+02
   1.20226     2.51e+02
   1.25893     2.43e+02
   1.31826     2.34e+02
   1.38038     2.25e+02
   1.44544     2.16e+02
   1.51356     2.08e+02
   1.58489     2.01e+02
   1.65959     1.86e+02
   1.73780     1.68e+02
   1.81970     1.49e+02
   1.90546     1.33e+02
   1.99526     1.20e+02
   2.08930     1.07e+02
   2.18776     9.62e+01
   2.29087     8.38e+01
   2.39883     7.31e+01
   2.51189     6.52e+01
   2.63027     5.90e+01
   2.75423     5.30e+01
   2.88403     4.72e+01
   3.01995     4.18e+01
   3.16228     3.73e+01
   3.31131     3.28e+01
   3.46737     2.81e+01
   3.63078     2.49e+01
   3.80189     2.17e+01
   3.98107     1.92e+01
   4.16869     1.66e+01
   4.36516     1.37e+01
   4.57088     1.15e+01
   4.78630     1.01e+01
   5.01187     9.10e+00
   5.24807     8.05e+00
   5.49541     7.21e+00
   5.75440     6.42e+00
   6.02560     5.70e+00
   6.30957     5.12e+00
   6.60693     4.49e+00
   6.91831     3.88e+00
   7.24436     3.37e+00
   7.58578     2.95e+00
   7.94328     2.58e+00
   8.31764     2.25e+00
   8.70964     1.97e+00
   9.12011     1.72e+00
   9.54993     1.50e+00


