   0.10965     1.20e+01
   0.11482     2.12e+01
   0.12023     1.60e+01
   0.12589     7.25e+01
   0.13183     1.72e+02
   0.13804     2.30e+02
   0.14454     2.54e+02
   0.15136     2.52e+02
   0.15849     2.47e+02
   0.16596     2.49e+02
   0.17378     2.55e+02
   0.18197     2.61e+02
   0.19055     2.64e+02
   0.19953     2.67e+02
   0.20893     2.57e+02
   0.21878     2.42e+02
   0.22909     2.17e+02
   0.23988     2.03e+02
   0.25119     2.06e+02
   0.26303     2.15e+02
   0.27542     2.17e+02
   0.28840     2.19e+02
   0.30200     2.33e+02
   0.31623     2.32e+02
   0.33113     2.29e+02
   0.34674     2.26e+02
   0.36308     2.43e+02
   0.38019     3.66e+02
   0.39811     4.98e+02
   0.41687     5.08e+02
   0.43652     4.83e+02
   0.45709     4.55e+02
   0.47863     4.00e+02
   0.50119     3.65e+02
   0.52481     3.41e+02
   0.54954     3.11e+02
   0.57544     2.83e+02
   0.60256     2.57e+02
   0.63096     2.29e+02
   0.66069     2.07e+02
   0.69183     1.91e+02
   0.72444     1.72e+02
   0.75858     1.55e+02
   0.79433     1.39e+02
   0.83176     1.24e+02
   0.87096     1.16e+02
   0.91201     1.12e+02
   0.95499     1.03e+02
   1.00000     9.57e+01
   1.04713     8.30e+01
   1.09648     7.46e+01
   1.14815     6.72e+01
   1.20226     5.96e+01
   1.25893     5.26e+01
   1.31826     4.66e+01
   1.38038     4.17e+01
   1.44544     3.69e+01
   1.51356     3.26e+01
   1.58489     2.92e+01
   1.65959     2.59e+01
   1.73780     2.30e+01
   1.81970     2.03e+01
   1.90546     1.79e+01
   1.99526     1.59e+01
   2.08930     1.40e+01
   2.18776     1.24e+01
   2.29087     1.10e+01
   2.39883     9.67e+00
   2.51189     8.39e+00
   2.63027     7.43e+00
   2.75423     6.56e+00
   2.88403     5.79e+00
   3.01995     5.11e+00
   3.16228     4.52e+00
   3.31131     3.99e+00
   3.46737     3.42e+00
   3.63078     3.01e+00
   3.80189     2.62e+00
   3.98107     2.31e+00
   4.16869     2.02e+00
   4.36516     1.78e+00
   4.57088     1.56e+00
   4.78630     1.35e+00
   5.01187     1.20e+00
   5.24807     1.04e+00
   5.49541     9.15e-01
   5.75440     7.97e-01
   6.02560     6.97e-01
   6.30957     6.24e-01
   6.60693     5.43e-01
   6.91831     4.67e-01
   7.24436     4.04e-01
   7.58578     3.53e-01
   7.94328     3.09e-01
   8.31764     2.69e-01
   8.70964     2.36e-01
   9.12011     2.05e-01
   9.54993     1.80e-01


