   0.10965     1.19e-15
   0.11482     1.08e-14
   0.12023     7.84e-14
   0.12589     5.06e-13
   0.13183     2.15e-12
   0.13804     9.23e-12
   0.14454     3.93e-11
   0.15136     1.39e-10
   0.15849     5.21e-10
   0.16596     2.18e-09
   0.17378     8.79e-09
   0.18197     3.48e-08
   0.19055     1.21e-07
   0.19953     4.07e-07
   0.20893     1.17e-06
   0.21878     3.21e-06
   0.22909     9.19e-06
   0.23988     2.78e-05
   0.25119     8.61e-05
   0.26303     2.45e-04
   0.27542     6.07e-04
   0.28840     1.35e-03
   0.30200     3.47e-03
   0.31623     1.17e-02
   0.33113     2.37e-02
   0.34674     4.19e-02
   0.36308     6.66e-02
   0.38019     8.44e-02
   0.39811     1.66e-01
   0.41687     2.50e-01
   0.43652     3.70e-01
   0.45709     5.19e-01
   0.47863     5.85e-01
   0.50119     5.62e-01
   0.52481     7.68e-01
   0.54954     1.10e+00
   0.57544     1.33e+00
   0.60256     1.50e+00
   0.63096     1.62e+00
   0.66069     1.65e+00
   0.69183     1.69e+00
   0.72444     2.10e+00
   0.75858     2.40e+00
   0.79433     2.67e+00
   0.83176     2.90e+00
   0.87096     3.10e+00
   0.91201     3.31e+00
   0.95499     3.33e+00
   1.00000     3.36e+00
   1.04713     3.29e+00
   1.09648     3.18e+00
   1.14815     3.07e+00
   1.20226     2.94e+00
   1.25893     2.84e+00
   1.31826     2.75e+00
   1.38038     2.70e+00
   1.44544     2.68e+00
   1.51356     2.70e+00
   1.58489     2.74e+00
   1.65959     2.68e+00
   1.73780     2.47e+00
   1.81970     2.23e+00
   1.90546     2.00e+00
   1.99526     1.81e+00
   2.08930     1.63e+00
   2.18776     1.47e+00
   2.29087     1.26e+00
   2.39883     1.09e+00
   2.51189     9.82e-01
   2.63027     9.01e-01
   2.75423     8.16e-01
   2.88403     7.30e-01
   3.01995     6.49e-01
   3.16228     5.83e-01
   3.31131     5.18e-01
   3.46737     4.50e-01
   3.63078     4.05e-01
   3.80189     3.58e-01
   3.98107     3.20e-01
   4.16869     2.80e-01
   4.36516     2.27e-01
   4.57088     1.87e-01
   4.78630     1.68e-01
   5.01187     1.54e-01
   5.24807     1.39e-01
   5.49541     1.27e-01
   5.75440     1.15e-01
   6.02560     1.04e-01
   6.30957     9.39e-02
   6.60693     8.30e-02
   6.91831     7.21e-02
   7.24436     6.31e-02
   7.58578     5.55e-02
   7.94328     4.87e-02
   8.31764     4.27e-02
   8.70964     3.76e-02
   9.12011     3.29e-02
   9.54993     2.89e-02


