   0.10965     1.57e-21
   0.11482     1.39e-20
   0.12023     1.01e-19
   0.12589     8.54e-19
   0.13183     8.45e-18
   0.13804     9.63e-17
   0.14454     8.36e-16
   0.15136     5.41e-15
   0.15849     4.41e-14
   0.16596     2.66e-13
   0.17378     1.51e-12
   0.18197     9.52e-12
   0.19055     5.56e-11
   0.19953     2.74e-10
   0.20893     8.33e-10
   0.21878     2.62e-09
   0.22909     1.13e-08
   0.23988     5.24e-08
   0.25119     4.19e-07
   0.26303     2.77e-06
   0.27542     3.78e-05
   0.28840     2.49e-04
   0.30200     7.47e-04
   0.31623     4.18e-03
   0.33113     5.61e-03
   0.34674     9.26e-03
   0.36308     1.78e-02
   0.38019     2.28e-02
   0.39811     4.26e-02
   0.41687     6.11e-02
   0.43652     1.29e-01
   0.45709     2.45e-01
   0.47863     3.32e-01
   0.50119     2.88e-01
   0.52481     7.12e-01
   0.54954     1.51e+00
   0.57544     2.21e+00
   0.60256     2.32e+00
   0.63096     2.58e+00
   0.66069     2.28e+00
   0.69183     1.84e+00
   0.72444     4.72e+00
   0.75858     6.91e+00
   0.79433     8.08e+00
   0.83176     9.29e+00
   0.87096     8.87e+00
   0.91201     8.87e+00
   0.95499     9.08e+00
   1.00000     8.84e+00
   1.04713     8.81e+00
   1.09648     9.30e+00
   1.14815     8.97e+00
   1.20226     8.24e+00
   1.25893     8.02e+00
   1.31826     7.78e+00
   1.38038     7.17e+00
   1.44544     6.83e+00
   1.51356     6.88e+00
   1.58489     7.02e+00
   1.65959     6.82e+00
   1.73780     6.04e+00
   1.81970     5.13e+00
   1.90546     4.60e+00
   1.99526     4.23e+00
   2.08930     3.95e+00
   2.18776     3.72e+00
   2.29087     3.38e+00
   2.39883     2.96e+00
   2.51189     2.53e+00
   2.63027     2.30e+00
   2.75423     2.09e+00
   2.88403     1.85e+00
   3.01995     1.74e+00
   3.16228     1.74e+00
   3.31131     1.74e+00
   3.46737     1.66e+00
   3.63078     1.55e+00
   3.80189     1.40e+00
   3.98107     1.26e+00
   4.16869     1.09e+00
   4.36516     8.55e-01
   4.57088     6.80e-01
   4.78630     6.15e-01
   5.01187     5.41e-01
   5.24807     4.78e-01
   5.49541     4.42e-01
   5.75440     3.95e-01
   6.02560     3.51e-01
   6.30957     3.16e-01
   6.60693     2.79e-01
   6.91831     2.43e-01
   7.24436     2.14e-01
   7.58578     1.89e-01
   7.94328     1.66e-01
   8.31764     1.46e-01
   8.70964     1.30e-01
   9.12011     1.14e-01
   9.54993     1.00e-01


