   0.10965     2.01e-26
   0.11482     4.15e-25
   0.12023     9.86e-24
   0.12589     1.42e-22
   0.13183     2.21e-21
   0.13804     4.02e-17
   0.14454     2.54e-16
   0.15136     1.04e-14
   0.15849     1.10e-13
   0.16596     1.48e-10
   0.17378     6.02e-09
   0.18197     2.98e-07
   0.19055     5.20e-06
   0.19953     8.81e-06
   0.20893     1.65e-05
   0.21878     2.54e-05
   0.22909     2.59e-04
   0.23988     4.02e-03
   0.25119     2.57e-02
   0.26303     8.50e-02
   0.27542     2.22e-01
   0.28840     4.35e-01
   0.30200     7.46e-01
   0.31623     1.39e+00
   0.33113     1.81e+00
   0.34674     4.85e+00
   0.36308     9.20e+00
   0.38019     1.32e+01
   0.39811     1.45e+01
   0.41687     1.40e+01
   0.43652     3.09e+01
   0.45709     5.76e+01
   0.47863     8.60e+01
   0.50119     9.18e+01
   0.52481     1.84e+02
   0.54954     3.22e+02
   0.57544     4.26e+02
   0.60256     5.02e+02
   0.63096     5.56e+02
   0.66069     5.60e+02
   0.69183     5.95e+02
   0.72444     7.76e+02
   0.75858     9.39e+02
   0.79433     1.02e+03
   0.83176     1.07e+03
   0.87096     1.07e+03
   0.91201     1.04e+03
   0.95499     9.87e+02
   1.00000     9.09e+02
   1.04713     7.44e+02
   1.09648     6.25e+02
   1.14815     5.26e+02
   1.20226     4.56e+02
   1.25893     4.28e+02
   1.31826     4.03e+02
   1.38038     3.59e+02
   1.44544     3.07e+02
   1.51356     2.56e+02
   1.58489     2.14e+02
   1.65959     1.72e+02
   1.73780     1.39e+02
   1.81970     1.16e+02
   1.90546     9.94e+01
   1.99526     8.62e+01
   2.08930     7.53e+01
   2.18776     6.72e+01
   2.29087     6.17e+01
   2.39883     6.01e+01
   2.51189     6.18e+01
   2.63027     6.57e+01
   2.75423     7.03e+01
   2.88403     7.40e+01
   3.01995     7.61e+01
   3.16228     7.59e+01
   3.31131     7.29e+01
   3.46737     6.68e+01
   3.63078     6.11e+01
   3.80189     5.43e+01
   3.98107     4.86e+01
   4.16869     4.28e+01
   4.36516     3.76e+01
   4.57088     3.31e+01
   4.78630     2.89e+01
   5.01187     2.58e+01
   5.24807     2.26e+01
   5.49541     2.01e+01
   5.75440     1.78e+01
   6.02560     1.58e+01
   6.30957     1.42e+01
   6.60693     1.26e+01
   6.91831     1.09e+01
   7.24436     9.62e+00
   7.58578     8.50e+00
   7.94328     7.49e+00
   8.31764     6.59e+00
   8.70964     5.83e+00
   9.12011     5.12e+00
   9.54993     4.52e+00


